2.650000000000000000e+02 1.000000000000000000e+00
2.675641025641025408e+02 1.000000000000000000e+00
2.701282051282051384e+02 1.000000000000000000e+00
2.726923076923076792e+02 1.000000000000000000e+00
2.752564102564102768e+02 1.000000000000000000e+00
2.778205128205128176e+02 9.992654338730797559e-01
2.803846153846153584e+02 9.992654338730797559e-01
2.829487179487179560e+02 9.977963016192392676e-01
2.855128205128204968e+02 9.970617354923189124e-01
2.880769230769230944e+02 9.930216217942575696e-01
2.906410256410256352e+02 9.853086774615950061e-01
2.932051282051282328e+02 9.692919421289641901e-01
2.957692307692307736e+02 9.529877678771039307e-01
2.983333333333333144e+02 8.827561327561328497e-01
3.008974358974359120e+02 8.345358345358345753e-01
3.034615384615384528e+02 7.439073272406606652e-01
3.060256410256410504e+02 6.839426006092673704e-01
3.085897435897435912e+02 6.284271284271284452e-01
3.111538461538461888e+02 5.679413179413179691e-01
3.137179487179487296e+02 4.812008978675644810e-01
3.162820512820512704e+02 3.340949174282507594e-01
3.188461538461538680e+02 2.294372294372294396e-01
3.214102564102564088e+02 1.993746993746993712e-01
3.239743589743590064e+02 1.797338464005130698e-01
3.265384615384615472e+02 1.722783389450056046e-01
3.291025641025640880e+02 1.719576719576719759e-01
3.316666666666666856e+02 1.467535370955894147e-01
3.342307692307692264e+02 1.397911277186931200e-01
3.367948717948718240e+02 1.338187857302545469e-01
3.393589743589743648e+02 1.320302768994921772e-01
3.419230769230769056e+02 1.208840343649196791e-01
3.444871794871795032e+02 1.191594008495416995e-01
3.470512820512820440e+02 1.165724505764747232e-01
3.496153846153846416e+02 1.165724505764747232e-01
3.521794871794871824e+02 1.134106224649484157e-01
3.547435897435897232e+02 1.122608667880297673e-01
3.573076923076923208e+02 1.119734278688001017e-01
3.598717948717948616e+02 1.128357446264890845e-01
3.624358974358974592e+02 1.131231835457187640e-01
3.650000000000000000e+02 1.125483057072594328e-01
