2.650000000000000000e+02 1.000000000000000000e+00
2.675641025641025408e+02 1.000000000000000000e+00
2.701282051282051384e+02 1.000000000000000000e+00
2.726923076923076792e+02 1.000000000000000000e+00
2.752564102564102768e+02 1.000000000000000000e+00
2.778205128205128176e+02 9.996327169365398779e-01
2.803846153846153584e+02 9.992654338730797559e-01
2.829487179487179560e+02 9.988981508096196338e-01
2.855128205128204968e+02 9.970617354923189124e-01
2.880769230769230944e+02 9.897160742231164710e-01
2.906410256410256352e+02 9.856759605250551282e-01
2.932051282051282328e+02 9.731883363674108667e-01
2.957692307692307736e+02 9.390310114656190699e-01
2.983333333333333144e+02 8.893698893698893659e-01
3.008974358974359120e+02 8.294452461119127262e-01
3.034615384615384528e+02 7.395783229116562607e-01
3.060256410256410504e+02 6.748837582170915672e-01
3.085897435897435912e+02 6.164021164021163957e-01
3.111538461538461888e+02 5.703463203463202680e-01
3.137179487179487296e+02 4.622815456148789415e-01
3.162820512820512704e+02 3.766233766233766378e-01
3.188461538461538680e+02 2.764149430816097430e-01
3.214102564102564088e+02 2.162097162097162129e-01
3.239743589743590064e+02 1.781305114638447873e-01
3.265384615384615472e+02 1.758056758056757984e-01
3.291025641025640880e+02 1.649831649831649816e-01
3.316666666666666856e+02 1.521510012455686567e-01
3.342307692307692264e+02 1.407173197917664653e-01
3.367948717948718240e+02 1.334035961802561565e-01
3.393589743589743648e+02 1.243333013956756383e-01
3.419230769230769056e+02 1.208840343649196791e-01
3.444871794871795032e+02 1.194468397687713651e-01
3.470512820512820440e+02 1.185845230110823684e-01
3.496153846153846416e+02 1.159975727380153920e-01
3.521794871794871824e+02 1.134106224649484157e-01
3.547435897435897232e+02 1.131231835457187640e-01
3.573076923076923208e+02 1.125483057072594328e-01
3.598717948717948616e+02 1.134106224649484157e-01
3.624358974358974592e+02 1.125483057072594328e-01
3.650000000000000000e+02 1.119734278688001017e-01
