2.650000000000000000e+02 1.000000000000000000e+00
2.675641025641025408e+02 1.000000000000000000e+00
2.701282051282051384e+02 1.000000000000000000e+00
2.726923076923076792e+02 1.000000000000000000e+00
2.752564102564102768e+02 1.000000000000000000e+00
2.778205128205128176e+02 9.992654338730797559e-01
2.803846153846153584e+02 9.985308677461595117e-01
2.829487179487179560e+02 9.977963016192392676e-01
2.855128205128204968e+02 9.959598863019386572e-01
2.880769230769230944e+02 9.937561879211779248e-01
2.906410256410256352e+02 9.820031298904537964e-01
2.932051282051282328e+02 9.779630161923924536e-01
2.957692307692307736e+02 9.551914662578646631e-01
2.983333333333333144e+02 9.050424883758216854e-01
3.008974358974359120e+02 8.303671637004970130e-01
3.034615384615384528e+02 7.648308481641814538e-01
3.060256410256410504e+02 6.757655924322590879e-01
3.085897435897435912e+02 6.311928811928811944e-01
3.111538461538461888e+02 5.634519801186468335e-01
3.137179487179487296e+02 4.578322911656244609e-01
3.162820512820512704e+02 3.293650793650793607e-01
3.188461538461538680e+02 2.636684303350970149e-01
3.214102564102564088e+02 2.126022126022125980e-01
3.239743589743590064e+02 1.832611832611832636e-01
3.265384615384615472e+02 1.801346801346801196e-01
3.291025641025640880e+02 1.457431457431457300e-01
3.316666666666666856e+02 1.487017342148126697e-01
3.342307692307692264e+02 1.387052473571588340e-01
3.367948717948718240e+02 1.315192743764172500e-01
3.393589743589743648e+02 1.280061320302769146e-01
3.419230769230769056e+02 1.251956181533646351e-01
3.444871794871795032e+02 1.191594008495416995e-01
3.470512820512820440e+02 1.171473284149340544e-01
3.496153846153846416e+02 1.162211363418606952e-01
3.521794871794871824e+02 1.128357446264890845e-01
3.547435897435897232e+02 1.142729392226374124e-01
3.573076923076923208e+02 1.116859889495704361e-01
3.598717948717948616e+02 1.131231835457187640e-01
3.624358974358974592e+02 1.116859889495704361e-01
3.650000000000000000e+02 1.122608667880297673e-01
