2.650000000000000000e+02 1.000000000000000000e+00
2.675641025641025408e+02 1.000000000000000000e+00
2.701282051282051384e+02 1.000000000000000000e+00
2.726923076923076792e+02 1.000000000000000000e+00
2.752564102564102768e+02 1.000000000000000000e+00
2.778205128205128176e+02 9.992654338730797559e-01
2.803846153846153584e+02 9.996327169365398779e-01
2.829487179487179560e+02 9.981635846826993896e-01
2.855128205128204968e+02 9.941234709846380468e-01
2.880769230769230944e+02 9.963271693653987793e-01
2.906410256410256352e+02 9.853086774615950061e-01
2.932051282051282328e+02 9.761266008750918433e-01
2.957692307692307736e+02 9.533550509405640527e-01
2.983333333333333144e+02 9.059644059644059721e-01
3.008974358974359120e+02 8.183020683020683084e-01
3.034615384615384528e+02 7.295173961840628607e-01
3.060256410256410504e+02 6.722382555715890051e-01
3.085897435897435912e+02 6.211720378387044494e-01
3.111538461538461888e+02 6.048581048581048725e-01
3.137179487179487296e+02 4.231200897867564703e-01
3.162820512820512704e+02 4.005932339265672604e-01
3.188461538461538680e+02 2.398589065255731789e-01
3.214102564102564088e+02 2.270322270322270297e-01
3.239743589743590064e+02 1.908770242103575432e-01
3.265384615384615472e+02 1.791726791726791501e-01
3.291025641025640880e+02 1.594516594516594554e-01
3.316666666666666856e+02 1.541950113378684761e-01
3.342307692307692264e+02 1.397911277186931200e-01
3.367948717948718240e+02 1.303695186994985877e-01
3.393589743589743648e+02 1.260579349110536318e-01
3.419230769230769056e+02 1.202452812110759856e-01
3.444871794871795032e+02 1.203091565264603480e-01
3.470512820512820440e+02 1.168598894957043888e-01
3.496153846153846416e+02 1.191594008495416995e-01
3.521794871794871824e+02 1.139855003034077469e-01
3.547435897435897232e+02 1.125483057072594328e-01
3.573076923076923208e+02 1.128357446264890845e-01
3.598717948717948616e+02 1.131231835457187640e-01
3.624358974358974592e+02 1.116859889495704361e-01
3.650000000000000000e+02 1.116859889495704361e-01
