2.650000000000000000e+02 1.000000000000000000e+00
2.675641025641025408e+02 1.000000000000000000e+00
2.701282051282051384e+02 1.000000000000000000e+00
2.726923076923076792e+02 1.000000000000000000e+00
2.752564102564102768e+02 1.000000000000000000e+00
2.778205128205128176e+02 9.992654338730797559e-01
2.803846153846153584e+02 9.970617354923189124e-01
2.829487179487179560e+02 9.977963016192392676e-01
2.855128205128204968e+02 9.963271693653987793e-01
2.880769230769230944e+02 9.941234709846380468e-01
2.906410256410256352e+02 9.882469419692758716e-01
2.932051282051282328e+02 9.779630161923924536e-01
2.957692307692307736e+02 9.368273130848583374e-01
2.983333333333333144e+02 8.829164662497996918e-01
3.008974358974359120e+02 8.173801507134840216e-01
3.034615384615384528e+02 7.444284110950777356e-01
3.060256410256410504e+02 6.837822671156005283e-01
3.085897435897435912e+02 6.097883597883597684e-01
3.111538461538461888e+02 5.771604938271605034e-01
3.137179487179487296e+02 4.629629629629629650e-01
3.162820512820512704e+02 3.595077761744428502e-01
3.188461538461538680e+02 2.732082732082731780e-01
3.214102564102564088e+02 2.119608786275452850e-01
3.239743589743590064e+02 1.777296777296777375e-01
3.265384615384615472e+02 1.695526695526695382e-01
3.291025641025640880e+02 1.556838223504890262e-01
3.316666666666666856e+02 1.435917089840631211e-01
3.342307692307692264e+02 1.398550030340774686e-01
3.367948717948718240e+02 1.303695186994985877e-01
3.393589743589743648e+02 1.260579349110536318e-01
3.419230769230769056e+02 1.245568649995209415e-01
3.444871794871795032e+02 1.194468397687713651e-01
3.470512820512820440e+02 1.171473284149340544e-01
3.496153846153846416e+02 1.154226948995560748e-01
3.521794871794871824e+02 1.142729392226374124e-01
3.547435897435897232e+02 1.145603781418670780e-01
3.573076923076923208e+02 1.134106224649484157e-01
3.598717948717948616e+02 1.131231835457187640e-01
3.624358974358974592e+02 1.119734278688001017e-01
3.650000000000000000e+02 1.119734278688001017e-01
