2.550000000000000000e+02 1.000000000000000000e+00
2.580769230769230944e+02 1.000000000000000000e+00
2.611538461538461320e+02 1.000000000000000000e+00
2.642307692307692264e+02 1.000000000000000000e+00
2.673076923076923208e+02 1.000000000000000000e+00
2.703846153846153584e+02 1.000000000000000000e+00
2.734615384615384528e+02 9.996327169365398779e-01
2.765384615384615472e+02 9.996327169365398779e-01
2.796153846153846416e+02 9.992654338730797559e-01
2.826923076923076792e+02 9.974290185557791455e-01
2.857692307692307736e+02 9.959598863019386572e-01
2.888461538461538680e+02 9.878796589058158606e-01
2.919230769230769056e+02 9.856759605250551282e-01
2.950000000000000000e+02 9.575917909251242532e-01
2.980769230769230944e+02 8.875260541927207925e-01
3.011538461538461320e+02 7.993025493025494033e-01
3.042307692307692264e+02 7.441077441077440513e-01
3.073076923076923208e+02 6.816979316979316916e-01
3.103846153846153584e+02 5.669392336059002613e-01
3.134615384615384528e+02 4.717011383678050285e-01
3.165384615384615472e+02 3.639169472502806202e-01
3.196153846153846416e+02 2.318422318422318218e-01
3.226923076923076792e+02 1.899951899951899947e-01
3.257692307692307736e+02 1.796536796536796488e-01
3.288461538461538680e+02 1.600128266794933474e-01
3.319230769230769056e+02 1.414141414141414088e-01
3.350000000000000000e+02 1.346811024879435437e-01
3.380769230769230944e+02 1.300820797802689222e-01
3.411538461538461888e+02 1.246207403149053039e-01
3.442307692307692264e+02 1.226086678802976587e-01
3.473076923076923208e+02 1.185845230110823684e-01
3.503846153846153584e+02 1.162850116572450576e-01
3.534615384615384528e+02 1.145603781418670780e-01
3.565384615384615472e+02 1.122608667880297673e-01
3.596153846153846416e+02 1.116859889495704361e-01
3.626923076923076792e+02 1.119734278688001017e-01
3.657692307692307736e+02 1.119734278688001017e-01
3.688461538461538680e+02 1.111111111111111049e-01
3.719230769230769056e+02 1.111111111111111049e-01
3.750000000000000000e+02 1.113985500303407705e-01
