2.550000000000000000e+02 1.000000000000000000e+00
2.580769230769230944e+02 1.000000000000000000e+00
2.611538461538461320e+02 1.000000000000000000e+00
2.642307692307692264e+02 1.000000000000000000e+00
2.673076923076923208e+02 1.000000000000000000e+00
2.703846153846153584e+02 1.000000000000000000e+00
2.734615384615384528e+02 1.000000000000000000e+00
2.765384615384615472e+02 9.992654338730797559e-01
2.796153846153846416e+02 9.992654338730797559e-01
2.826923076923076792e+02 9.992654338730797559e-01
2.857692307692307736e+02 9.959598863019386572e-01
2.888461538461538680e+02 9.933889048577176917e-01
2.919230769230769056e+02 9.809012807000734302e-01
2.950000000000000000e+02 9.446849446849446830e-01
2.980769230769230944e+02 8.967452300785634378e-01
3.011538461538461320e+02 8.008658008658008365e-01
3.042307692307692264e+02 7.297979797979797789e-01
3.073076923076923208e+02 6.435786435786435833e-01
3.103846153846153584e+02 5.979236812570145609e-01
3.134615384615384528e+02 4.512586179252845997e-01
3.165384615384615472e+02 3.833974667308000517e-01
3.196153846153846416e+02 2.574955908289241480e-01
3.226923076923076792e+02 2.048260381593715040e-01
3.257692307692307736e+02 1.754048420715087209e-01
3.288461538461538680e+02 1.652236652236652170e-01
3.319230769230769056e+02 1.428571428571428492e-01
3.350000000000000000e+02 1.364057360033215371e-01
3.380769230769230944e+02 1.295072019418095910e-01
3.411538461538461888e+02 1.240458624764459727e-01
3.442307692307692264e+02 1.234709846379866416e-01
3.473076923076923208e+02 1.177222062533933855e-01
3.503846153846153584e+02 1.159975727380153920e-01
3.534615384615384528e+02 1.145603781418670780e-01
3.565384615384615472e+02 1.134106224649484157e-01
3.596153846153846416e+02 1.134106224649484157e-01
3.626923076923076792e+02 1.128357446264890845e-01
3.657692307692307736e+02 1.122608667880297673e-01
3.688461538461538680e+02 1.113985500303407705e-01
3.719230769230769056e+02 1.116859889495704361e-01
3.750000000000000000e+02 1.113985500303407705e-01
