2.550000000000000000e+02 1.000000000000000000e+00
2.580769230769230944e+02 1.000000000000000000e+00
2.611538461538461320e+02 1.000000000000000000e+00
2.642307692307692264e+02 1.000000000000000000e+00
2.673076923076923208e+02 1.000000000000000000e+00
2.703846153846153584e+02 1.000000000000000000e+00
2.734615384615384528e+02 1.000000000000000000e+00
2.765384615384615472e+02 9.992654338730797559e-01
2.796153846153846416e+02 1.000000000000000000e+00
2.826923076923076792e+02 9.988981508096196338e-01
2.857692307692307736e+02 9.952253201750183020e-01
2.888461538461538680e+02 9.911852064769569592e-01
2.919230769230769056e+02 9.856759605250551282e-01
2.950000000000000000e+02 9.465287798621131454e-01
2.980769230769230944e+02 8.884479717813050792e-01
3.011538461538461320e+02 8.137726471059804068e-01
3.042307692307692264e+02 7.222222222222222099e-01
3.073076923076923208e+02 6.576078242744909375e-01
3.103846153846153584e+02 5.450937950937951859e-01
3.134615384615384528e+02 4.472502805836139350e-01
3.165384615384615472e+02 3.810325476992143523e-01
3.196153846153846416e+02 2.220618887285553955e-01
3.226923076923076792e+02 1.948853615520282356e-01
3.257692307692307736e+02 1.777296777296777375e-01
3.288461538461538680e+02 1.601731601731601895e-01
3.319230769230769056e+02 1.368446368446368522e-01
3.350000000000000000e+02 1.342978505956373136e-01
3.380769230769230944e+02 1.272076905879722941e-01
3.411538461538461888e+02 1.240458624764459727e-01
3.442307692307692264e+02 1.208840343649196791e-01
3.473076923076923208e+02 1.176583309380090092e-01
3.503846153846153584e+02 1.134106224649484157e-01
3.534615384615384528e+02 1.136980613841780813e-01
3.565384615384615472e+02 1.151352559803263953e-01
3.596153846153846416e+02 1.134106224649484157e-01
3.626923076923076792e+02 1.116859889495704361e-01
3.657692307692307736e+02 1.131231835457187640e-01
3.688461538461538680e+02 1.122608667880297673e-01
3.719230769230769056e+02 1.113985500303407705e-01
3.750000000000000000e+02 1.119734278688001017e-01
