2.650000000000000000e+02 0.000000000000000000e+00
2.675641025641025408e+02 0.000000000000000000e+00
2.701282051282051384e+02 0.000000000000000000e+00
2.726923076923076792e+02 0.000000000000000000e+00
2.752564102564102768e+02 0.000000000000000000e+00
2.778205128205128176e+02 5.183705320387509315e-04
2.803846153846153584e+02 5.183705320387511483e-04
2.829487179487179560e+02 8.942090873611911739e-04
2.855128205128204968e+02 1.265460849526776769e-03
2.880769230769230944e+02 1.809540768344190679e-03
2.906410256410256352e+02 2.668323061061047500e-03
2.932051282051282328e+02 3.790722117544304427e-03
2.957692307692307736e+02 4.968977509596456468e-03
2.983333333333333144e+02 1.168777645630284835e-02
3.008974358974359120e+02 1.259392894962397397e-02
3.034615384615384528e+02 1.157936530187794570e-02
3.060256410256410504e+02 9.595327779095018383e-03
3.085897435897435912e+02 1.126745370286707029e-02
3.111538461538461888e+02 1.211491516428033627e-02
3.137179487179487296e+02 1.480906179109844900e-02
3.162820512820512704e+02 1.435696557409440674e-02
3.188461538461538680e+02 8.702834581405688788e-03
3.214102564102564088e+02 5.875064619344323377e-03
3.239743589743590064e+02 5.667121736001868616e-03
3.265384615384615472e+02 5.094691386949862927e-03
3.291025641025640880e+02 5.556139712537393541e-03
3.316666666666666856e+02 2.772889960593975626e-03
3.342307692307692264e+02 2.589010957247209546e-03
3.367948717948718240e+02 2.342982600365807813e-03
3.393589743589743648e+02 2.290571531361335934e-03
3.419230769230769056e+02 1.617697561771333416e-03
3.444871794871795032e+02 1.477518113957411363e-03
3.470512820512820440e+02 1.228734707234358523e-03
3.496153846153846416e+02 1.228734707234363076e-03
3.521794871794871824e+02 8.064302309094169285e-04
3.547435897435897232e+02 5.725597732176003441e-04
3.573076923076923208e+02 4.963539458275909944e-04
3.598717948717948616e+02 6.998158075000637844e-04
3.624358974358974592e+02 7.551173290148912058e-04
3.650000000000000000e+02 6.394917269752362554e-04
