2.650000000000000000e+02 0.000000000000000000e+00
2.675641025641025408e+02 0.000000000000000000e+00
2.701282051282051384e+02 0.000000000000000000e+00
2.726923076923076792e+02 0.000000000000000000e+00
2.752564102564102768e+02 0.000000000000000000e+00
2.778205128205128176e+02 3.669133773438378325e-04
2.803846153846153584e+02 5.183705320387496304e-04
2.829487179487179560e+02 6.342300418908120583e-04
2.855128205128204968e+02 1.153948640224388388e-03
2.880769230769230944e+02 2.276637634592663766e-03
2.906410256410256352e+02 2.595515318450055883e-03
2.932051282051282328e+02 3.714422544046981287e-03
2.957692307692307736e+02 5.379854845485645791e-03
2.983333333333333144e+02 1.080150402243267374e-02
3.008974358974359120e+02 1.204166714418189975e-02
3.034615384615384528e+02 1.157806599217929382e-02
3.060256410256410504e+02 9.788943501515658466e-03
3.085897435897435912e+02 1.258145516622614056e-02
3.111538461538461888e+02 1.131823577712642512e-02
3.137179487179487296e+02 1.466782433321835340e-02
3.162820512820512704e+02 1.426861637395258030e-02
3.188461538461538680e+02 1.267193624546330590e-02
3.214102564102564088e+02 9.017455202672114076e-03
3.239743589743590064e+02 6.616657635857342221e-03
3.265384615384615472e+02 5.534330186426229987e-03
3.291025641025640880e+02 5.413050092994156626e-03
3.316666666666666856e+02 2.919216469547583626e-03
3.342307692307692264e+02 2.597371675122535362e-03
3.367948717948718240e+02 2.374089659205917517e-03
3.393589743589743648e+02 1.857096894115933990e-03
3.419230769230769056e+02 1.617697561771335151e-03
3.444871794871795032e+02 1.502066991282694853e-03
3.470512820512820440e+02 1.426804611850576764e-03
3.496153846153846416e+02 1.164695657580779205e-03
3.521794871794871824e+02 8.064302309094144349e-04
3.547435897435897232e+02 7.551173290148920731e-04
3.573076923076923208e+02 6.394917269752356049e-04
3.598717948717948616e+02 8.064302309094141096e-04
3.624358974358974592e+02 6.394917269752335449e-04
3.650000000000000000e+02 4.963539458275907775e-04
