2.650000000000000000e+02 0.000000000000000000e+00
2.675641025641025408e+02 0.000000000000000000e+00
2.701282051282051384e+02 0.000000000000000000e+00
2.726923076923076792e+02 0.000000000000000000e+00
2.752564102564102768e+02 0.000000000000000000e+00
2.778205128205128176e+02 5.183705320387510399e-04
2.803846153846153584e+02 7.316041546669280931e-04
2.829487179487179560e+02 8.942090873611933423e-04
2.855128205128204968e+02 1.410890017203235728e-03
2.880769230769230944e+02 1.887796040446697169e-03
2.906410256410256352e+02 2.987639784494428019e-03
2.932051282051282328e+02 3.300576109583151091e-03
2.957692307692307736e+02 4.646563544249171160e-03
2.983333333333333144e+02 1.072833211930565578e-02
3.008974358974359120e+02 1.198528681158498622e-02
3.034615384615384528e+02 1.155417306827466288e-02
3.060256410256410504e+02 1.051673087548015730e-02
3.085897435897435912e+02 1.178391993876528633e-02
3.111538461538461888e+02 1.220372484650004974e-02
3.137179487179487296e+02 1.503701380413548054e-02
3.162820512820512704e+02 1.405066611034231673e-02
3.188461538461538680e+02 1.111836642288285999e-02
3.214102564102564088e+02 8.491347473337927665e-03
3.239743589743590064e+02 6.405865307896111555e-03
3.265384615384615472e+02 5.552352905277189131e-03
3.291025641025640880e+02 4.350813053070176108e-03
3.316666666666666856e+02 2.841844601602414207e-03
3.342307692307692264e+02 2.529735875284918733e-03
3.367948717948718240e+02 2.242339414688293130e-03
3.393589743589743648e+02 2.096711396124887033e-03
3.419230769230769056e+02 1.910312528279830635e-03
3.444871794871795032e+02 1.477518113957412230e-03
3.470512820512820440e+02 1.289081870601996175e-03
3.496153846153846416e+02 1.237142570500738767e-03
3.521794871794871824e+02 6.998158075000638929e-04
3.547435897435897232e+02 9.427181185959994988e-04
3.573076923076923208e+02 4.056812859433662826e-04
3.598717948717948616e+02 7.551173290148926152e-04
3.624358974358974592e+02 4.056812859433667163e-04
3.650000000000000000e+02 5.725597732175995852e-04
