2.550000000000000000e+02 0.000000000000000000e+00
2.580769230769230944e+02 0.000000000000000000e+00
2.611538461538461320e+02 0.000000000000000000e+00
2.642307692307692264e+02 0.000000000000000000e+00
2.673076923076923208e+02 0.000000000000000000e+00
2.703846153846153584e+02 0.000000000000000000e+00
2.734615384615384528e+02 0.000000000000000000e+00
2.765384615384615472e+02 5.183705320387499557e-04
2.796153846153846416e+02 5.183705320387495220e-04
2.826923076923076792e+02 5.183705320387480041e-04
2.857692307692307736e+02 1.311799124574504786e-03
2.888461538461538680e+02 1.989714717833279429e-03
2.919230769230769056e+02 3.213660822444466825e-03
2.950000000000000000e+02 8.639414704376756349e-03
2.980769230769230944e+02 1.053758113772700414e-02
3.011538461538461320e+02 1.181938749595512136e-02
3.042307692307692264e+02 1.066659092903986424e-02
3.073076923076923208e+02 1.114868168827990239e-02
3.103846153846153584e+02 1.235142523277527396e-02
3.134615384615384528e+02 1.545192159870114462e-02
3.165384615384615472e+02 1.509319757139086782e-02
3.196153846153846416e+02 1.217009961107502584e-02
3.226923076923076792e+02 8.088175914194743743e-03
3.257692307692307736e+02 5.906007230013971855e-03
3.288461538461538680e+02 4.924785982448244386e-03
3.319230769230769056e+02 4.220762091097698260e-03
3.350000000000000000e+02 2.446078368104938425e-03
3.380769230769230944e+02 2.146353802099795153e-03
3.411538461538461888e+02 1.838835380016735346e-03
3.442307692307692264e+02 1.801480357349744032e-03
3.473076923076923208e+02 1.346233724077963451e-03
3.503846153846153584e+02 1.164695657580777036e-03
3.534615384615384528e+02 9.836234392555280939e-04
3.565384615384615472e+02 8.064302309094190969e-04
3.596153846153846416e+02 8.064302309094138928e-04
3.626923076923076792e+02 6.998158075000641097e-04
3.657692307692307736e+02 5.725597732176001273e-04
3.688461538461538680e+02 2.871495996603981582e-04
3.719230769230769056e+02 4.056812859433664453e-04
3.750000000000000000e+02 2.871495996603961524e-04
