2.650000000000000000e+02 0.000000000000000000e+00
2.675641025641025408e+02 0.000000000000000000e+00
2.701282051282051384e+02 0.000000000000000000e+00
2.726923076923076792e+02 0.000000000000000000e+00
2.752564102564102768e+02 0.000000000000000000e+00
2.778205128205128176e+02 5.183705320387486546e-04
2.803846153846153584e+02 1.153948640224394459e-03
2.829487179487179560e+02 8.942090873611923665e-04
2.855128205128204968e+02 1.149707033973068095e-03
2.880769230769230944e+02 1.445290797103191511e-03
2.906410256410256352e+02 2.489400002709536708e-03
2.932051282051282328e+02 3.381329627523694224e-03
2.957692307692307736e+02 5.647982997563472107e-03
2.983333333333333144e+02 1.089035629757637014e-02
3.008974358974359120e+02 1.196822542386384580e-02
3.034615384615384528e+02 1.119596278390096178e-02
3.060256410256410504e+02 1.014276847767553620e-02
3.085897435897435912e+02 1.069508983143282327e-02
3.111538461538461888e+02 1.105906899032040903e-02
3.137179487179487296e+02 1.554573578922691449e-02
3.162820512820512704e+02 1.448465923916795670e-02
3.188461538461538680e+02 1.204826219762478341e-02
3.214102564102564088e+02 7.256420315637029939e-03
3.239743589743590064e+02 5.985894924482152574e-03
3.265384615384615472e+02 4.991598147959779713e-03
3.291025641025640880e+02 4.779650810785395290e-03
3.316666666666666856e+02 2.685790979130007507e-03
3.342307692307692264e+02 2.568991280807656277e-03
3.367948717948718240e+02 2.188461979896959633e-03
3.393589743589743648e+02 1.961322697217502201e-03
3.419230769230769056e+02 1.901398270060459562e-03
3.444871794871795032e+02 1.502066991282694636e-03
3.470512820512820440e+02 1.289081870601995524e-03
3.496153846153846416e+02 1.096317951686654043e-03
3.521794871794871824e+02 9.427181185959968967e-04
3.547435897435897232e+02 9.836234392555285276e-04
3.573076923076923208e+02 8.064302309094219159e-04
3.598717948717948616e+02 7.551173290148926152e-04
3.624358974358974592e+02 4.963539458275916449e-04
3.650000000000000000e+02 4.963539458275909944e-04
