2.550000000000000000e+02 0.000000000000000000e+00
2.580769230769230944e+02 0.000000000000000000e+00
2.611538461538461320e+02 0.000000000000000000e+00
2.642307692307692264e+02 0.000000000000000000e+00
2.673076923076923208e+02 0.000000000000000000e+00
2.703846153846153584e+02 0.000000000000000000e+00
2.734615384615384528e+02 3.669133773438371278e-04
2.765384615384615472e+02 3.669133773438380494e-04
2.796153846153846416e+02 5.183705320387501725e-04
2.826923076923076792e+02 9.648721426301345647e-04
2.857692307692307736e+02 1.204584262650449213e-03
2.888461538461538680e+02 2.403077065425656203e-03
2.919230769230769056e+02 2.646978176282942154e-03
2.950000000000000000e+02 6.856559089190242783e-03
2.980769230769230944e+02 1.101790968442196636e-02
3.011538461538461320e+02 1.220132823101847779e-02
3.042307692307692264e+02 1.129557454184539761e-02
3.073076923076923208e+02 8.710253795048169059e-03
3.103846153846153584e+02 1.289991359362780907e-02
3.134615384615384528e+02 1.468937494194924587e-02
3.165384615384615472e+02 1.475682076686304564e-02
3.196153846153846416e+02 9.122564636013678896e-03
3.226923076923076792e+02 5.972190302631529696e-03
3.257692307692307736e+02 5.072062419789903805e-03
3.288461538461538680e+02 4.891293152028466755e-03
3.319230769230769056e+02 4.150411129360191513e-03
3.350000000000000000e+02 2.378473688320266975e-03
3.380769230769230944e+02 2.174592970106825097e-03
3.411538461538461888e+02 1.875091921496993899e-03
3.442307692307692264e+02 1.743233136172142204e-03
3.473076923076923208e+02 1.426804611850575029e-03
3.503846153846153584e+02 1.197212895636235331e-03
3.534615384615384528e+02 9.836234392555283108e-04
3.565384615384615472e+02 5.725597732175995852e-04
3.596153846153846416e+02 4.056812859433668247e-04
3.626923076923076792e+02 4.963539458275904523e-04
3.657692307692307736e+02 4.963539458275924039e-04
3.688461538461538680e+02 5.104531648666010583e-17
3.719230769230769056e+02 5.104531648666010583e-17
3.750000000000000000e+02 2.871495996603962608e-04
