2.550000000000000000e+02 0.000000000000000000e+00
2.580769230769230944e+02 0.000000000000000000e+00
2.611538461538461320e+02 0.000000000000000000e+00
2.642307692307692264e+02 0.000000000000000000e+00
2.673076923076923208e+02 0.000000000000000000e+00
2.703846153846153584e+02 0.000000000000000000e+00
2.734615384615384528e+02 0.000000000000000000e+00
2.765384615384615472e+02 5.183705320387501725e-04
2.796153846153846416e+02 0.000000000000000000e+00
2.826923076923076792e+02 6.342300418908165035e-04
2.857692307692307736e+02 1.586559097034905257e-03
2.888461538461538680e+02 2.104793018569971284e-03
2.919230769230769056e+02 2.595515318450058485e-03
2.950000000000000000e+02 8.194706605075152694e-03
2.980769230769230944e+02 1.087141996366043466e-02
3.011538461538461320e+02 1.180339668087725634e-02
3.042307692307692264e+02 1.043061493131380683e-02
3.073076923076923208e+02 9.514550116205548747e-03
3.103846153846153584e+02 1.423207882048442389e-02
3.134615384615384528e+02 1.525546296992599804e-02
3.165384615384615472e+02 1.475568988850846017e-02
3.196153846153846416e+02 7.009884033770485620e-03
3.226923076923076792e+02 7.153157226639918036e-03
3.257692307692307736e+02 5.856738145935178226e-03
3.288461538461538680e+02 4.820924244738444657e-03
3.319230769230769056e+02 3.975002407280862730e-03
3.350000000000000000e+02 2.382190668028112170e-03
3.380769230769230944e+02 2.026192414398437884e-03
3.411538461538461888e+02 1.838835380016736430e-03
3.442307692307692264e+02 1.617697561771334934e-03
3.473076923076923208e+02 1.381997714786101445e-03
3.503846153846153584e+02 8.064302309094120496e-04
3.534615384615384528e+02 8.544733902615389218e-04
3.565384615384615472e+02 1.060241892345086456e-03
3.596153846153846416e+02 8.064302309094177959e-04
3.626923076923076792e+02 4.056812859433663369e-04
3.657692307692307736e+02 7.551173290148928321e-04
3.688461538461538680e+02 5.725597732175990431e-04
3.719230769230769056e+02 2.871495996603969114e-04
3.750000000000000000e+02 4.963539458275895849e-04
