2.650000000000000000e+02 0.000000000000000000e+00
2.675641025641025408e+02 0.000000000000000000e+00
2.701282051282051384e+02 0.000000000000000000e+00
2.726923076923076792e+02 0.000000000000000000e+00
2.752564102564102768e+02 0.000000000000000000e+00
2.778205128205128176e+02 5.183705320387488715e-04
2.803846153846153584e+02 3.669133773438371278e-04
2.829487179487179560e+02 8.171283178016934632e-04
2.855128205128204968e+02 1.535792689655898812e-03
2.880769230769230944e+02 1.261594214229147005e-03
2.906410256410256352e+02 2.668323061061048801e-03
2.932051282051282328e+02 3.415910083980149524e-03
2.957692307692307736e+02 4.880130348545525659e-03
2.983333333333333144e+02 1.048940255323002960e-02
3.008974358974359120e+02 1.214432105750549822e-02
3.034615384615384528e+02 1.248484206878831132e-02
3.060256410256410504e+02 9.820787982725223339e-03
3.085897435897435912e+02 1.079670891557638936e-02
3.111538461538461888e+02 1.066105394887753750e-02
3.137179487179487296e+02 1.546504574908681880e-02
3.162820512820512704e+02 1.521803550495661773e-02
3.188461538461538680e+02 9.556856585861603012e-03
3.214102564102564088e+02 8.881454660223574160e-03
3.239743589743590064e+02 7.576022137255146449e-03
3.265384615384615472e+02 5.990870650496118478e-03
3.291025641025640880e+02 4.803714895688320982e-03
3.316666666666666856e+02 3.394633274459167398e-03
3.342307692307692264e+02 2.589010957247207811e-03
3.367948717948718240e+02 2.188461979896962669e-03
3.393589743589743648e+02 1.961322697217503068e-03
3.419230769230769056e+02 1.603709506174386297e-03
3.444871794871795032e+02 1.572783131125760764e-03
3.470512820512820440e+02 1.259335842673158781e-03
3.496153846153846416e+02 1.477518113957412881e-03
3.521794871794871824e+02 8.997707222397871140e-04
3.547435897435897232e+02 6.394917269752361470e-04
3.573076923076923208e+02 6.998158075000637844e-04
3.598717948717948616e+02 7.551173290148887121e-04
3.624358974358974592e+02 4.056812859433663369e-04
3.650000000000000000e+02 4.056812859433664995e-04
